$ANSIBLE_VAULT;1.1;AES256
30666638316338373066316663636561643439353465396333636165643732396233623836393664
3364303339663938346534653137323664333663376433620a336130373262393638663861666231
39376262326365363934366336336334313064643630646232383866383136623438363264343764
3030323632376366390a653738373262316530343563323865366135366263326663353930353164
64306665666165633361353761396339346136626339646236313135626336346337366439303066
38313836383432386362656566336639383938343138353236373564633366633237346633346461
32336466626434376137663461316161353166313433333534333932396436333130663261653863
39383061653063303739643430306232636563363038363062663836633564346264373939336631
64633033333536666533386531346530353331663066326638316133376133633838366230376630
62613636363963356561363366333237373639383563326166376663656464666230663132316234
36326363316165613661623763353931326532373036633833633665393066393462376430336535
38313061306164356366333566643364336365366330666634383939393665396238326334346336
34343631623532363337326437626133633034626464646265363333653339643234326634356134
63333435373739303737303466643637616465356433643233636264623436376333623563386364
34393731376631613033613639336432313331356634666539643434353032626539616461626261
62313639386430323235356165663630386266373533353739366264636433613336633438313665
63663230306339313139616230643462316462333437383430326136633364323963656534383362
64353362653535623735633964643763336162306362323861373233626338373761666131633831
66326236636263313032353330346130326639346532613030643964353531313834613636613439
36376336366339333035633135373930316235306663663937323465336265393032343630386264
65306336396566333231313864346664646362323261373864343238353365303662386465336131
30356163383835366532383037323634616330646433393563353532303765663831333463306666
30353865393263636335643864326335353862363633383638313962333838363732313232613239
61383265356163663465663665373864333439323530643933663434376438343331373462656430
63373365393033663163393564386566333431326134633539643237623732316431313664643063
33623736346437336335623137643963373366636432373066653133663561336363383131353565
32626431323035623466396234393061353731303031333563663933366438323964336665373835
33356265663536663162396564316336636532303531653230343434316665613833626233663366
35346636616532333064613630613930363735663164616335663834626338643263346631303134
63666330323035363239633461646639363766343037396330356632393033646532643133353932
30383130376465643536643865333736353235356437643161326336613065633434646563383034
36316165326666336662356364346264333639356364656437363130343862613162376362303335
62663235343535633131613138663639383434353737633332333830306133636533653837363961
37663434626136313437663862623234333962303761333966396536363834653031303661643431
31376238333636303936653766663731343863383466306364336536306234656661646632323935
34653331653036353362376630373936373263303834623135313762326133336336313366343532
32356636346665353338336466333164333661343439303337383138306365343361306634616232
62636531636261303466626563643265623335303863656663653238363936373536363666353339
32343034303931623731653037306262306165656266353666336164393837653834623338623363
34303666653763393562383061366566383136356461383366346438653335363032373063623435
37666563303663623735313334646432316263303362386163336536333865653037663532336666
63663330613539353233353966613665623164623830336534303339393563636263613236363837
33316334386532623135323366323331333831666130376634326430306161643539396235343338
32366562656566376565636636656539386364613363623936343332643534396337396439396535
36626662333565373735333433653133353664373235363036623533396432636661353063323565
63646431393630343065303830663938303631333061363037326137326338366462343230316337
63386534386230663538633931353536316634396138613738373764643434323861623264633938
62383331643738646631653331316265393365316363363631633031623264376331376431643965
37656362336138386332633937333865373765656530633939653764633965343162346334336465
64643936616631666338616365383137363535333266346131393539353433326339663764646664
63363635353135666631626636383732316430633238316232363936393461376138306335353836
65623830393962316438346235396230323536613265653665366630636436336562633865633639
30393333396135366438306266353834376638643864313339616633393836326631333163616663
61653761326262333038333033373861323461653466653432333438383265653431613736616133
31363430333238653532663863633333396661326532326230323339393565666465623935613161
33663234613966333634386630373831326139656235313963383335353461633736663639336463
63396632613366623162653833303435363164333664373031613636653336326234323132626661
61646338346161633732316338313036666466303063376237363437626231316334323730633163
66393161616264383837623133343263663561363838626532396664343462366134353530366461
63343238313462653138396339633961353365313732653061646264313630366364633166383231
32663465343164656637306331643366353235313463633862393062626261343461656566633532
66363130376437393332613037326535333238613763326538623238373063653165363063303664
65343964316637656364616163633862636666613337366438616533656332383837333834333238
33616138656362643863346661623765613365356362326437313064303565333538653363393065
61623232613564636138656432376537336636663032623230396530393061373136646134333265
61326332663264343266663839306264396438363038316635313131343934613938333433326465
38633336366162343035366165343664613739376634396431316334616331333563353463326166
33333531636133656334383732626133393737653437366137343733646663303130316265333236
34373533663164643435666132623836653233393139383965393133376166646530346136663735
30336631393134393266306466383633666636623065366630616235333062353765393765383836
36353961626461333537656265376433313736383033636165386335383864623430366536643139
32663665616332376335363663373833366666343432666364656664323538623764373032333038
39643533663831663831313032333430373635663134383530386233356437626635383164343634
32626636313436316161633639373966656461313430336461383736646535623339396337626139
35326632643833386635346263366235393930653834363330326339363730666535633137376134
63646134396238313332346535633438356132616235336638356531643062363935336563663837
65366362356461396630333866613833633162643930373938316535653436326265656230346133
63663832643733653262316633616666303731663335363666366664346463633937336532616232
33333064396538323739313933643861303131353737666531336230393532363130323838373665
35626536653035386335376262353261343431343532653639633862666336323234313430316266
30633863313562313230396266393235313431396133363736336361363066376462313362366362
62353739393465323032386361363434376136326564663065336565656562376635393261363862
32366564626662316434383164336261306438656136353865653135623532306665643634363732
37343839626634316461353435393163323539396366643161623365313436303637313462356233
38616265363862653463326661663862666534633132313432346136656530363230353933633764
36633239663466656635616335613063633363363132326163663930613835663030666565366637
33316165623435343866666137336233616331373961616462373639666663663832346131366538
63363839663733653836383132383230636630316439333636316635383237613039303762363661
30333865653230313130383665393761316333376532333666333134303265356266396637636131
30333832386565633932323333663761623064373335643332343336366535386134333738336631
31643566393334613362363662663335376231326539303138313233376662653532653933363165
65343061336638333266313936303164376165616432656238653533633266313266633466326264
38313135633033333037663736346338396661376438333665346335303535636432306235643332
30633931333833306163636335616662346232396230646631393664383761313432663630313061
33303666356663363762626636303236313234623839633931626665326632343966393032393937
61346337633930666263653562356136623831303066396239313461626362373036376539396234
65353663643563633939333966353333346261396531303337646534626537346135303663383630
62653761306366313436636634636231333832363336303637313661386338663436643131353032
66353833663265643361393664353031376232333666366361643131633536303333303434373038
62396533626665636564323035333935643030313836643537313039326136313336613436393763
38636561363061333433616464613330333239666635663939643134303137653566313631656131
35643535636136633961396162373134383866353530656561623238363539313330316661653635
30326435636133373165343633326232383235373238663964363030653932356530396531636565
35643461306138633239653536343339343035333332653264343338373538643061633933323337
34616431336234656436363832343336363164356561346265313864323962366465333962393761
31633932326664636437333839383738383866333362333261313434363462376239383261376663
33313132626166396562326163333362636466363436396133326139653431346233376564386632
31303362643966316263333334663430333538393834636238386139383863346165396139653266
35396661383966613031373563613438316366333966383735386366336366336536653566343433
66363865653039393866663034343434316232383661636462303233393635666466633930313939
37643836316637303436316231303739383038326364653664626462303565633438383439353032
30393765356639383733393662313064396231376263623838373165353663303436393234356135
31306437346137393165343733396335393836383666396330653334616632636332633533613264
66653932356634636138306565343862646430653562396539623733346361656561306337643039
63633461663561653037383537663239613232393736336238663439396531633539303662653632
37313732343661333666663934373437653430386139343965323939623566393165323365356132
62316636653235326439663963616466333632323931653234666438643864663638363063346331
34346134366364326434613866613762363933323163663531313032303637663636303133616362
65323430393133663066373339623134386166663039383939326236353834306266396330633163
66626330633735373234353266323331393466376264363633326233323231633262666335656263
30636434663934623633666561663033636231376133663362356539303965366636376163396631
66333332343232373738316134313962623865333366633032376437326262366266356539333362
38373932653631643930613536363161626530313939316436653034383433383465376130643530
36373663666234616635663739316438653664353730653837366666303430666466376435356261
62313831633865353639393839383566373937633034336136373339323539656530376233366530
35613561386639323361346564373534333231666134376138336334666665613161383138643266
31353734333533626430336435396639616463383530666362646337326261366332393665313534
61656264623839656630636331613930363861343630356461346330623331623665323463323832
30663765373363626439353039376636653330633135306661373461646361303734333164353539
37326231633336306633333931646363353262653835653331643839316565613364646366326263
61626464643839373565663437353034633663623833366638616665306134613832313432323932
34633563356162343463376662326630666132626666303232343531373061363334653438363063
38336330343266373034396166366237376633336330633231646266356638393164646565383866
62396361633734333338666330643438626363396161396230393235386364373466386532303732
62626532323966363763396265346566313863613934363762393730306563356161323662633637
66363037323530343332356139386263346233643138313830313438363661353132316437376564
37646133306463656537326165303134346539613631333066356337626331636233353762373932
61333363383363646464363231316437323136303832633263363866386465366134363937396634
36623939383132316336626464303133386465376337663737303534383166653134313232396330
64306233316336316537376133613332613538316164303933383839356563626633303735663839
63313238386336636531613634643438393036643061646638663937373564323166393434363361
34363462303232626161623263333938356361636337343364663866313439643563653034316638
36653263363534393164303136363137323034363336363337343264653538626663643232343766
66323132393162616635366138613662663832383561363039346438353430333532623539396230
36333161326563646530386232633038626662393636356336386263623165383437363265363634
63326264613162393535326563626430663230643737386637626334386332393861316235346633
66636661613034336131353233646339623466323761303035383565323664333236633837636465
61626163326631666336636437313835306263316364626434386234663261643131373563656664
66393932303534373335336462643235346362663031383136633138643164336235373930613763
37316264626230306533343132303962623738303139663037323035613438303336336464383535
61353163326663383765316165383061613034343562656565363465613934616639373164646461
37383363356165396239396334376534643362363237313231643437303539636336373930643263
34333231643738613162326364636439393366323230323637613436636334613735393231633638
36373162343431336232643339323563373830346139376331303033323037323234363262353934
36333031356430386638316137613733633032393531653939633837636266373361663736363166
31353832653134646662646162663937313138393338646362393437643330383365323932353638
61363964653664636538363739333565343362323861643561386637346139303735653731383331
64346362613266646265666437393161626331613964653437326634626436386362346536343232
36633236373366623262663762383564636463356636663761366564373361396138616336383265
62333766663333386465346539666463353466316333383965626565326233666536346632376633
36323966303236306364386362346663626564613530663964386561303833356134646465393465
32376163303233333063323762313964313331353033333765616530333536616262343633613639
31393435373337303633393036613233356366633330333965633263313966623337616531623163
31386533646261616666313461313532626336626537626561633063626565656666333337383735
65373832616239386235643432663166313130396438326538633538363334356561356366333864
66393334656537333635313138613836633537363464363634643634663861383130386566373661
37633432643965643533313832613330353438383836663163303163303839306338306132393838
39326163626235663865623134386131316138306632326532646566373132313163653664653666
35383637366266393863313837353734303864343233336361383634356266363365386434396231
35353562363965356537376662356434313739633135303166353536616235613963393062343565
38363833656433353764626532396433346330323636393037653639326637363835626262636530
30366534643136366233643538343961306139663632343937366336646335353339653734666334
63333135613331366265623630633764643962633638316635313333343863363163316236366631
31363365313963633936316266653230623161663931646339643939313265336239346365623236
64623734346562653334333233323835383130653134333233653038393663386264383563386561
31383336613130346461316639313666393236393231333763323438643230366539653139393165
39386437373465643061623064306566613536336637633466643763353438363338633861313365
39666364353261643064353835373332383336653134316535393536373134316139666333346431
32623038353037306263643661363334663732333232316463383163383635343532356138336238
33633264303434363939383539373163373837383338616162366133353263383164303664616362
33323631363934376165623435306134323531353437333430346662613835393463323936646137
33316330653035393533323031636230396131653066333639613137313363323433346638386335
30333432646366303630333235386132323538366164303838613938333633386331353833396532
35343839616234386365343432623934636131323135306334393332393034396364623861643133
33343363376434643261386262343130323937383937626561353930316337663935313735656463
34383765623732373762623936663862616331386139616439396631383938643061336434366466
33323233363465326138623837383632306263366232383339376338626337386233333066613530
37643737326439623932656231316337303338303365633465636535666266663461363264353061
38356631343539626138383436613639653662653763623730343262336364343866346432393538
30643936666430313230373639303663666636393136663062306636666339633834646435316366
62626338343339626133613435363930303135353430303061643334343335663638623734623364
35363834633262383561343266653332636566393433633834313061333436343463633566303532
35333064643462333033633164326638306631623434623630373833323266616266356464623763
31613538663666633266346230626163336634653138616638346365323062363263366632373631
35396266346631613532326333323263333531376465653730643063343637333232316333633961
39303530386134326339
