$ANSIBLE_VAULT;1.1;AES256
62373435396532643763613030333434643439653261333530306163666334353536653730613630
3136633664346263396664383637323738333633383136310a333962326132616163336564353239
35616164303935656435633465386332323330353433333665353033623461303730376233366536
6661303061636261620a626231323835306266636533613562623136626163623633626266613961
35363139366338656132306364633762666630626231306133356538656233373864373033326562
64653537633135663038643165636134623438613135373265353565393561393865636230373065
39373066376466303235373161353939303530303030313534646161333034613433613738303065
31363339653663643233633433643733343036353766303166656361373465356136623964336534
36386137663463333832353531383164613663353939373863626431643161623933396539636531
35636661663234366338633833613631623231323038383861386131653630656161373765646234
65333137663638626337396532626430386238623864363838346230343434656663663263613864
31363533643430663166383264656464633231326637336661646462653531336135643730336331
61373833343766323136643366633739333537663838343663396430646665326266626163323238
37373138653833616335646337383563646234333739663134313766356338383533373263326335
38656532366638333438626638323164623834333063626437333331303130326564656563333764
34393339626531646161626364633338386661663361326430323535393631643964626138393130
63623938353338343038306530343231306564343739663934643235306664626239373133666630
61383132313561333636306665386337653262636166666464343164386564623363656533386338
61666631656437623539643932323630633831393833353436663364356133633461313861653638
63303438633264323563333835313237323631373161613331643838353861363461356262666632
63316232316363376663366630353161393635353435383436343834313465383333373631646131
33643362616434646439313734653235333764323532613635353534623532663431356230666335
37643837346664343663363737323963353964306162353935633466383735393537303637653834
65646465646238653064663532346664306461653139303134333562666631356237326439343033
64326432366138613966643863313566303865643562396431643661346539323063396631646634
62653966363933386533383563316436653637353264313730353064313831346635313130653764
37636163333864633533653061313939303934646462623130383338363637646431366333643935
61373734643864623264306664396432363839346434343838366561646665653231646365326166
30643163383938636432363965613438366238396565306636333033343537613031376235373832
30383635626462313732613365353831363230613639633137306536396465396339643562636533
36633637306231363633363030363333623066363664666637393062653361333761323233343636
39646466373265356233326239623231626439353737383635666363383363633333396435653562
31653133376264323664633138346637646335653434356636333336313537346561383734666236
33636333336535343862393263663139643730336135333336376661356431363763623062393736
64323762623739616663363833663863386332386330623839623539313330633265333437636339
33636166326236333337326133613062313165386434633363306532633738623337363835343634
33633561373834383336663163336138646236613138383236303764643135346235326631326530
36353235356462343432326239373365646431316530366563363662626561613363313438343634
65393339636633343032613933393662666335633263343663316262313762326139396635616661
61396633626139623661323731396531636265623432396234666432633436346663393266656365
63353866396433313263396332306566393336653130356238666338636464623037343937396636
36316262373336623462623264666336393932383631626264343932333363623565303838373164
63666466663338383633333262633631326563663630623331626531306438663138613430356631
31326638313937373164313838366365353763306665346164376539313638386339386337353934
66633131626165366565326461313431363063376638613938346163363437336437653865613833
30376663373064353362306164383135623461636666633136366664626135643562313762363631
64383737633865323962636235663533613561373330613932643966386639666237363361613062
39663334323163633439393932303538353734323638396632643130323732316662643133303865
34633837623965653533353963313561636535333563663064633638363737663435373932363065
34623233346137643061373735303565373465643133303234386535616539643333623337353762
646165316666656137623063666237663931
