$ANSIBLE_VAULT;1.1;AES256
65663632363239336433326531356530626164313032663539363139376439373265633737333036
6234653663323763303864373935623066613663666336360a356635393665613034366565376431
35313031636234323732356162636231626538366637303937303562646439663338383337653932
3931623162393339630a613735326234616462633764666463646362346237353636383065666234
65353431616661376130633035336431313235376138353061633763626433376264333032306539
37663331623038393231373439353030353635613163346538383639323137626131393333373931
66636236346434373535643234386239386634613561336435646139383433366230643734376137
35363939643461623864613730653630356236656566616230373264396266653336383138336430
38313131353366383763383335623537643865376362623461643938346362316131633333393231
65613833626330646363336461666236666164303136333535306161663165346230663831356330
65656364376131656164623966633437616531616138306635303631373536623137313164613831
32336637303666393637626365623837306439323634343939663130323734323565333836343361
63353239366530353132616163383035333930616132343937626565343864383764383437613264
36373830643934363064343166383833356635303535616461646565323562303138653833616331
61323034613636376334396636616234636562326562333136633732363961623066393566343034
33366462623364656431653235383630393837313931623164323030306230343162633331666635
63633866613433323365656636363863306462336331313035633531386436333563376235306361
62666165656364306266353938373564343062303664316536646337313839613164346332363662
61363739356330313336303736363231396434623638663561316230313732386432653933656262
61326637326263346566626639313963336239613565323233616637393961353765313438316637
65643038663363663734613664393530306233366430366336616363363137306665653163316535
35643662323031653530613130646261356437346566663063383634353965656131356337363363
34616666396331633064653635306663613431376637326630613631663364386438636336363433
62343566316135363562383232393239346539386637313166363365393463346561633933633062
37333438626336383133343930393636656139373130356239383430343130396337333865366535
39666434333339323630653835323864653764323536376662306462323438343664666137373935
36303433643133386634316461393365353466343839353162356264663039623734316463653537
65316665366230376136306236326661653231666233626464376364393034386339303838626534
64616334636536666565376337303233313538623534633337366134643861636631363037616430
38356665313637633764313333636634363231623632663338666639666362386361623036666235
35373935653936376632376563616333356230653632396533646336376637343434643438386439
61346638663533323834633037666135626261303361333234623633626234313737613764356364
32643636633062306334376331316139626130323461363433373139343264386138613365643130
31386166306464393066653839643238666666663235643230383466343835336361356236623538
38656136646361313661653563343961326334303137633138323238363933313037323962313434
64376138306463323662306136623832653132663661663862663464313766306434336238343136
66303434623932633866373139613737306135383061316535333064373962666530333039393533
39393633616630376465333834396339623038623564353362646262626161303133386639656435
32663564383532393561326461373231653365353136373133336130613839656564336461353966
35613366656134383930613939366539313766383130636434383266633933653962656331616631
37393430383431316239636438623638333233333731313030306462373135656461663662373136
62663362613265393735343339393432656237616336343633383539313537653235356665396238
33323938383832653164623839313235316231336337353138656561663835316337303738393163
33663964646639383762373038323531616132653230623864626535333433363766393365643036
64653537303866346139643333323639303030343363306235333464666263643665633961663061
64333431383031626639646461376232323461303336653230383732306636376339336163666230
63393866616130393464653661343164336637386166333861346136323631333638353662353462
66613664623666633566346230343538353238353036626462303965393863393932386662336638
32623133633435333662666137616433643139326134393362313739323831346437346463613463
64643938316335383162653330303863663136336132356231356138346238613662336164333636
39373430353431323361343638373031366261653933653332343963343935353762353237653933
62316530306239356234313463663234643931316639343531383531373934356330636663333533
37396563626363323236316233353531376630613438353633353231363665626536646262666362
62353532373933633433323063626636303763373866326133336133363936393534396431613864
62373430373133306166646137373964616433343931626339353338663630396639313337323365
33636438333062306637666364373831313030363733316331303263313535393834306266616461
32623232313062326433616562626137313630633864393166636436306136343263323062643264
34376134343933363736303339356265396631386633313631343132396339663735636337373332
66383661383763333665656536386366366437333766663965376132393039346235313762346537
36316666343339626433356234656633366230393937326233616164613762616364383131316163
33616337633533313534323364346634383736353338366636366632653962643234346562326365
39313266346334636466623534343866356635396137363531393530633864363835316566633330
64343939396363636164393833646631396435363239323933326531633263663230303433626330
66326437316432373932373836636436373737623233643035633333646639386639346461396264
31353638663632616661633331336539616636373839363664316264306634633133643662653131
39373135323635343565333631336338623461376361633137656238656637363030373166343836
38356366613565366532626432333932386339383038613033303736326435656466363138393236
65373630326636393138626565363636363963633666626435313831643435616263386331343037
39393365306637623336366334363530383236656136616463343366653838353031336238346465
38343837323739303635343639303532623739653763646639356536646535353438643064366362
32346539343264633464333837653037363639633435333535323939326132306539643536383939
64663061323238333163346530303965303536633461383332386464373163623861333761366561
36396464653333643036323238653331376238376262616638353135303262646134303835396263
61666632613432663564633039313631373335653866343330633163656165366439316334393462
38346364313565636239303166616663363662326536373936343831303332623138316332643966
35303565386631333431343562383134356262336531383530333266636662633531333538613362
31303162653932633766343532383030646436636233303739386362333262386264316337616565
38653532326664363831353661646133396337643761643634373135613766313135353562633135
65353365303963313238653638623834613463396531643439643035303837346562646562326665
37623130306437343736303333353232396437633535636339623538663262333461373536303163
33383962623835656237353833393733326363623862346139323132613338316136626463323362
33343864643666383861653038373630656439386339376438336630383161663262633565316635
35356435333661303034633135333365313663646366363037333936633834633738623263346132
33383537666531333564653831666131373930616633646438376566303130303465316363333766
36616633363164613731323830303834303734353933646435396430343166353532653135633465
61623333656362326233636562636136653539356131653834353066363036623138336164323332
65653132346132323136613262383565613966363931623038323739653437373134613261306232
66613765636437636639653131623135323566383661313338313462303865633739653564613533
30623038366331643736353765646133363437303233623135633633393037383138313334376661
66343833663964323836353631333037626563363032393132323236653832333239656163376266
34316663346432383862326332633636316639393532323135623138323364356331373737613135
66333535666662613264323530613332643335616166363135313837303533653038356636333862
39333537663364643835323335633063396165363332303832653933636330363138376635623034
33656263623634313431653036303563653161643036346136313630353833393366323261653435
63613532633363653137313431353538346363306138373164313133643063373136333530363936
38323864386362373736643534326635323835303836633465616232623734333762393964323862
39306438393234323162363934623366613066666665313533343934316363633666313531386239
32643637633734653730386634613565333034666666616130346536653162366533343831616133
30353838313933643632363238643831383264633138623034646330333263353131626266333762
64313530373430316263366335616563386530356462353465633365356638636237373730353836
32336231356363303164373336373963363035623734326231626566353734653033373138313033
34373331666331613530666564376265636633666630653366343030643837346362336265393562
33306234346265613839616434353135623232393733636637383334343133346233656138626530
61363030336464646535366233633730366665663336336431393365326461396438333731353162
34666462343262396531653437626338383031386630663537363432326435626433353937356165
63303162653161393430623937316633303863313862373937386437346562316431376533333431
38363966663239333134643561326266366539613432316132373939306630613735663338346632
31653239653837353334623538643463373538373532333634663834656337623366613234326539
34613932653162636238656632306634646136313831386438353963653437646432643535666630
34366561656561316461663838366330623261383364306364366265366661613565323933616537
62343535393634376161383066303866666664336261636135336138373365306336653135633565
63663765313665656339333262323538373039373130393165383338393965313333663134393735
63353930666530653163386437613831353762613862376430306535353562336430616461313535
62623431316533313761346638613063303033643933343834346236663165386633646137386134
37623362393133393161623061613661633864323936303733336533636263316163326664366533
66383739333864323535393465326431313538643862663733663832333337623465386638366231
31623838346431373662653133323566653138633237313334336164613664303232626337343438
33643432323636303435303561356163616362363333333237356439663038346163643263353734
62643035306433623636626133323937613937356163653262353366313735653666623763333334
61383039313236633465356437323031613665616162613165643932613961666138386161653961
33623364616231643334353535613331333134396632343964656165663738363437663430346431
38613839306137666639386531656230613233363666666636666435653636323635343265383165
37373831386637643832613837343264323563386334326465373666356632356162346630316433
32373837633562333130363332633831303265643439613633623162353230373963313866333762
64326665363632383630613563363863343634323261366332363930393332313337383166663737
64393565656236363035623765373839306466363532386239666563346432376165383034343563
64366461376636613863373737633132313734333862343336366639393534623664363535383366
34346436356135316366326664313738363061326132383066343737613932383865633238646530
62393937363661353866386661396462336330333731313636313433313235313662376634363439
38646563316431306564376531366533363431653136343461323033316634373662313366626362
30333034636236626263323135393364656236643337363266383835343066353662346231346165
30373333313136623061346137623735613835343834636633363035306533393565613831393163
64346331623833613832306330333231353936376462666337356564613636616534366638323831
39616433353237626361636438633765303262373134326331356131623336336331376163626566
33643232336633316238643135663631636332386138376265396338653433373634623030326262
65633830633662656664646136306337653431623430366463633639363436323936373862643736
64323038613431636436653566303862353033333564343561313233386330646332383438373237
61323763656332343238303039663532333738303231666464373565353064303339346564643138
30303930323338396666333261633036303037353763363266396338313366626438383566383165
32373936333535666431333163373730336364316636396638323632346435393435343831396365
65653561386230633730643438656265306533393633366239643364643237666430653864353939
36633731313165366132316364346661313431623965303666373338316436643265386236333432
63616239383532323033366335616530386365333631633262633966363866623931303731376265
31356130623337613832353262633033643537303431366661373233623661646533643133346163
66663037323730316264663331343465623737623739623538313736666466393332346634623931
61373462623237663937616534643334306464633233643834386230613638396637336430643566
36333530303436313039376334353833343834663061336665326263616664343133313265393232
62366666623337646530393439356639356137323764333132663038643738626532376337656239
32343463303932306137633337623930366363616431643133353536633438616262326337303839
37663966373331633430363034353265393137646539616335656235353632643332303065393136
38303236626666323437636261383330653031356363393632333831613633376262376336363530
36623361613038656362373439343634386134313865343063393266346238376466643633323538
66333835623735653462323263663963656431336561393930616433336537656233643237363164
36623764393165613135666535323031343463336164323635343264613262633465643233636661
63333638383634613534363134623431653135336435656230643232323261613735653531643564
33396363393830393938303031643664653432613938323436356464633165653834643234343631
31623562333930633132663335636232643838373762656435333839376163633230393633316236
64633465346463633664663635393433383531393462353866333962623365343961313466343635
64373265373765313635323437643932366136346537653531316166666132633638626564613433
65343731646238343630323462333633656533366461333934663534646364393066326435383064
37396366613962643163386261343036333231653036623730383439373133323035333337316433
39366330363363386636653231306565383566386161366632613262316664393262326434306431
31396234383934656465373831303863666161386236623939383536313061656435373535363635
39636436623663316164643436303634363338336539306130393965313336323335356462613862
61333965376135623132376561383135393837303365306132366262366663353761646231626335
30646536393031623937346466663331383533316537663830303838656631393638356435643139
64613430323336643163396336303436343064656161656339343562366362363661303333613162
64313664316638333861646165353062383330333433666363316463376330373031353531626538
37633562303238666562633637336233356339373331613861616163393463643434396536343964
33623037306233636138613334613566663131376530616533363439376236383737316638333934
32623139326162613534303961663138343764633331306462366366346533626533656431653735
36373538383866363637383430653761346538303339663266316263386531333465373735323030
64353163313339306461613962353337613032366261333634316365333733633832646134346465
37376631316661316631626534363465333465323137313566373230383339336130626539353638
31666131343236313337646436656231623038326265386534373264313834373264646139356134
30303434636163336638653662646131396461383961323833376230666461663237383532623737
66383462613439353736353064663530616661393561323337366633376262356530373533646562
38656363613639633935653630613233616338616163386634373361303036346562636361643236
34623736623431386530363166386362646430613763313235363133663064646333323761383339
31333966633163633438663166343134303761633630613235323931666639386562646461383339
37383664306335316430386365393132383231333361336662396265373730373264316265396364
31653839386365633137326235313464383332663666386465326638376564623230663439393539
66316365636463373663623030333236343162373132333537623030383366323761353438313431
30613030313230393766666561613531346238636161626163626634383038326332616364656639
32393864316231303864386233633565626134363435613230356365633963326535356266323561
61306335656339343163316566633966303239663534316139343361333666333835343062333963
30663062633335386438393665316365623637316133636161653437373632313935366362336565
36653039623139356133343866333635343837316237353230386163366166613532636366313731
62323861313461343531653339303263613862303632343661616361623132643763376431303338
36306663363163306438393662363932373739633834366166363930613433333261353333303731
61616662393239363634393139366335656238306434306235623833343535333033383131666239
32646164313934666361613538373432303139313434616461343663623534363065613663306162
35386563393464333539373131383532646233626133663733326161623762643134643164613432
31656231346262636137373165366264303439623433326630666538376133373639316166396134
64353039373030366335363964343137633233623633313861306264643435383235343266313030
31623039396535306132633033303131666562396532333165383736316263623734373838656137
62323732303263386131396339623530366463383838346238623266643462373464326531633536
65633566623763666430656435366537343838373363333162363438333036393830633730323164
65653066353334356230383836333231383833396133633635353936636234643764333661613537
32353264646362653235653965316237343864386431323239306438613533393532383838633737
62323062643662653761663365393031396537363662386633373262343537626232333231666539
66306163653131346331643339626331306666333239666264396666366232313633313338353530
38306537656165393138336130613063643730626461303765316634303464663534363162636161
35393230373662343539353234623761666465633263643331333130303363663834376332626562
66333935326439323233613438333561663866383364643032653936383366353165633433303634
64656461363837666134643635623038653264613135333162633064626564643936666365616635
38396561626430613266643966626332636561313939326466653033316431313332383934653061
32323932623933323033303239663733393031363030613765386130633635373866313766653332
66663739343563363261303339623165633233323661373162323932363336343536663638353765
64316130396464653661323464383936353066643865313436396438316331393064373766336561
65353834333539353065393937646439343339336462306463353236353463613039353137363462
32646338396632343937396635313534663931353435313665386661313432303466333833616332
30343864383138366463313134336162613834303361343861356662333936656137653362666333
30386636353736383561323538623330353935343761663062636431326133333865346635666436
38386238363135306362306164323839336438356338323234643862393937613263323163643834
34646636326231393430643062663936613962636231343639393737303061373430363734333161
39636339306264626565646137306566363935363231343562343861336438313033656236666363
37323361353031623661373861663832636333653034313263626630663539326566323065386632
63303232373536393462653961373931376562616536353230333236373634633938636262653962
39336630393430383131373430616634363964633335353933393166313136623035306138363733
64303132656361643937343533383337616231393866366532626165613265616662383830383264
39343632333836346166323337623339333864353762643866353765393239396436346565333833
34386462663832373734313738346437663932386132333832396333336432636336613331663561
66333064653737666333303462636436333962336633383431363233336636626663343662326330
62613139373930616139323366333464613635356363303232366239316135666565373662383734
62663338313936303537346663343436323239616130623434323637393934303936616138633361
66373665633338303463633733343862663033666161613431653864646230663461333030343333
61333163356664326434323132643833363937666633373538333662346232323634346138333031
39306239343639636632623130363230313663646235306531306333313234366464373230366239
62633332353731393238323933633761363332383138313664386133366166376530356138346464
62313465613364323634393061336666363633663830323839653939336263396233636664626363
32343163353563366634656534376435396662386633326433323336616334636635366264633636
65366336366462323030653463363465376464376539656565643934663464393137623239663465
33626665643433313437643462653739616636643933373963336536633539666239346334353163
33383463623462376664626436366330666639643063323131393864373037653139643132653235
34643264653433393639313263653233363961306634666166626565313766386531636563376136
33343833353436386364303137396433313132333835363438616166303833663939383331396137
34333431383330373731343333393130383961333330316462346366663030616336326238373965
36663464616565313361663538393537373564366461643031343962323038396634613833373661
38356361376335336361363366353865363261396164376133653961356161396163336435393063
66386165346136343032656134323339613364336436373031623166333963303637626432383833
35396635316339633936313564626532386435663766663838336631663665636561323533643265
32333037636463313663303462643634616532333264393035613430623031663363356464666632
62336464316332333434373966386533633565626363356661363331326635343765343936386337
37643836326462633235346437303263653739373032313139613065353130323131616433636233
34666364643136396536346563313561343461613161383564653665626139363763643735646536
64623331663264646565383139633363376335616264393162376530386462393562653732373235
35333239393130656566363036383432303935346439333936636431643162363138383933336366
38333465636336333439343530363265343362383964366339343231616161623263366661636132
38376363386165613332386337343831633433353538663033343931616562656232306361656138
61663637396466623730376235616134623962373430646564656262633939303766323235313031
36653264346536383038663064363634633735653537303036353862323763633264326239366165
64376331343461333236623866326137383738363435363932386337316339353731336435343633
34353638653364616138393463356163383638396239313038343137303039386261316463396166
31363339313131353838383034313634616662663733623630616431353738326464326630646436
36393136363436633233346633666139613037613639313466333564613833323466656563333966
34316430303437373866343437613238336366373138386434626466336331393265663237333834
64326333363665656164313337303436393838323435353138666465613230643330663765656137
66383961306164323238343738353963396663396638626533633762303039373564643364616231
66653430653339316333333237333530396666306538333332313265663638326366626532646239
36616666343334383831656234346130343662323036663638633536336534613039613334373533
33616131633166366464303363626364316431613633343735343433396565346339633135363761
38636163393031313639373462323664666336643034646363303765386461633438626665353463
30623238373131663865373733396632656133623266646161656339386234663939343165313338
61353965623932363966326439323837356666376138303262333130323735626662396161343530
33346437363631646164616138373963663431313639636465353935363363663033646532386236
33343836346664346333646163363830346565373235623739653864646461666366356438353162
36383130663238333166306337646133376437666665613163343366663164386233336438356664
34623664323436353066653338323566646462643833646461316164663832633761663364366331
65393739373939653661353130346435393038666531356430373332336133306333363631333665
66376536333939656162333731653264653730653465326137323162323065306565623961333937
32623835666465363662623835656566333562333634336430666164633061653731623335303431
37386366643263333434653431353536336264613036336263633832316634313938363464653963
66666664326130626466346136636438363337313132313265633135376366613066623035333761
32383031373064653038353965373231316533343839653164303839343437373631303834613766
35646561346634303034306139353031363564323638353936333361373363613062376538346130
61303034646264376163353037363636376232353261656538316262326362306663313434663239
62613333353231376663313332656236346138303534373736323866323365313834366337353063
35656461623463396333313831623665643366373033626132363561363132643132303861376133
65306338373363613534353465666261343961303936376134653235653234336533393434343036
39373637643330656537383266333734316636383561376163643766666130303337396533646532
65396136366235306461616530386131326233616166383065333137653038386537333561356130
63646362366335326331346638326261363638643766636235353931353338343664306233313234
65626530333965663036376665633136306631376236656439373735396338323634316533626433
39656434376264393535613437616263313465646533313765646166633863333735383037303339
6535316535373264373836356235613839336535373461643864
